          -10        300.7   1.009e+005        1.169
            0        300.7   1.009e+005        1.169
            1        294.6        89980        1.064
            2        288.4        80060       0.9672
            3        283.6        71070        0.873
            4        278.4        62970       0.7881
            5        272.9        55650       0.7106
            6        267.2        49060       0.6397
            7        261.4        43140       0.5749
            8        254.9        37820       0.5169
            9        247.9        33030       0.4643
           10        240.4        28740       0.4166
           11        232.4        24890       0.3732
           12        224.2        21450       0.3334
           13        215.9        18390       0.2967
           14        207.7        15660       0.2627
           15        200.8        13270       0.2302
           16        195.6        11180       0.1991
           17        194.2         9395       0.1686
           18        197.3         7901       0.1395
           19        201.7         6667       0.1152
           20        206.6         5647      0.09526
           21        209.1         4798      0.07994
           22        212.2         4086      0.06709
           23        215.5         3488       0.0564
           24        218.8         2985      0.04753
           25        221.3         2560       0.0403
           26        223.8         2199      0.03423
           27        226.0         1892      0.02915
           28        228.0         1631      0.02491
           29        230.3         1407      0.02129
           30        232.4         1216      0.01824
           31        234.4         1052      0.01564
           32        236.3        911.9      0.01344
           33        238.4        791.1      0.01156
           34        240.7        687.3     0.009946
           35        243.4        597.9     0.008559
           36        246.1          521     0.007375
           37        248.9        454.7     0.006364
           38        251.7        397.5     0.005502
           39        254.2          348     0.004769
           40        256.6          305     0.004141
           41        258.9        267.7     0.003603
           42        260.6        235.2     0.003144
           43        262.0        206.8      0.00275
           44        262.9        181.9     0.002411
           45        263.8        160.2     0.002115
           46        264.4          141     0.001859
           47        264.7        124.2     0.001635
           48        264.6        109.4     0.001441
           49        264.1        96.38     0.001272
           50        263.5        84.87     0.001122
           51        262.5        74.71    0.0009917
           52        261.0        65.72    0.0008776
           53        258.9        57.77    0.0007777
           54        256.4        50.73    0.0006893
           55        253.6        44.48    0.0006111
           56        251.1        38.96    0.0005405
           57        248.5        34.07    0.0004775
           58        245.3        29.75    0.0004226
           59        241.7        25.93    0.0003739
           60        238.0        22.56    0.0003303
           61        234.1        19.58    0.0002914
           62        230.3        16.95    0.0002565
           63        226.9        14.65     0.000225
           64        223.5        12.63    0.0001969
           65        220.4        10.86    0.0001718
           66        217.3        9.327    0.0001496
           67        213.9         7.99    0.0001301
           68        210.2        6.827    0.0001132
           69        207.3        5.819   9.779e-005
           70        204.8         4.95   8.422e-005
           71        203.5        4.204   7.198e-005
           72        201.7        3.567   6.163e-005
           73        199.5        3.021   5.277e-005
           74        197.0        2.556   4.486e-005
           75        194.4        2.157   3.866e-005
           76        193.4        1.817   3.274e-005
           77        191.4        1.529   2.784e-005
           78        190.6        1.284   2.349e-005
           79        188.4        1.078   1.994e-005
           80        187.1       0.9029   1.681e-005
           81        185.6       0.8508   1.475e-005
           82        184.1       0.7184   1.252e-005
           83        182.8       0.6061   1.063e-005
           84        181.5       0.5108   9.011e-006
           85        180.3       0.4301   7.638e-006
           86        179.2       0.3617   6.471e-006
           87        178.2       0.3038    5.48e-006
           88        177.3       0.2549   4.638e-006
           89        176.5       0.2135   3.924e-006
           90        175.7       0.1786   3.317e-006
           91        175.0       0.1491   2.802e-006
           92        174.5       0.1243   2.363e-006
           93        174.0       0.1035   1.988e-006
           94        173.6      0.08597   1.668e-006
           95        173.3      0.07135   1.396e-006
           96        173.1      0.05916   1.164e-006
           97        173.0      0.04903   9.666e-007
           98        172.9      0.04065   8.002e-007
           99        173.4      0.03373   6.602e-007
          100        174.8      0.02805    5.43e-007
          101        177.1      0.02338   4.453e-007
          102        180.4      0.01957   3.646e-007
          103        184.7      0.01645   2.985e-007
          104        189.9       0.0139   2.445e-007
          105        196.0      0.01182   2.006e-007
          106        203.0      0.01011    1.65e-007
          107        210.9     0.008703   1.361e-007
          108        219.8     0.007542   1.128e-007
          109        229.5     0.006581   9.385e-008
          110        239.9     0.005779   7.851e-008
          111        251.0     0.005108   6.606e-008
          112        262.7     0.004542   5.589e-008
          113        275.0     0.004063   4.755e-008
          114        288.0     0.003654   4.068e-008
          115        301.6     0.003304   3.498e-008
          116        315.8     0.003003   3.023e-008
          117        330.5     0.002741   2.627e-008
          118        345.8     0.002514   2.294e-008
          119        361.4     0.002314   2.013e-008
          120        377.3     0.002139   1.776e-008
          121        393.3     0.001984   1.575e-008
          122        409.1     0.001846   1.404e-008
          123        424.6     0.001723   1.258e-008
          124        439.7     0.001612   1.133e-008
          125        454.4     0.001512   1.025e-008
          126        468.7     0.001421   9.312e-009
          127        482.6     0.001339   8.492e-009
          128        496.2     0.001263    7.77e-009
          129        509.4     0.001194   7.132e-009
          130        522.3      0.00113   6.566e-009
          131        534.8     0.001071   6.062e-009
          132        547.1     0.001017    5.61e-009
          133        559.0    0.0009665   5.204e-009
          134        570.6    0.0009197   4.839e-009
          135        581.9    0.0008761   4.508e-009
          136        592.9    0.0008354   4.208e-009
          137        603.6    0.0007974   3.935e-009
          138        614.1    0.0007618   3.686e-009
          139        624.3    0.0007284   3.458e-009
          140        634.2    0.0006971    3.25e-009
          141        643.9    0.0006676   3.058e-009
          142        653.3    0.0006399   2.882e-009
          143        662.5    0.0006137   2.719e-009
          144        671.4     0.000589   2.568e-009
          145        680.1    0.0005656   2.429e-009
          146        688.6    0.0005435     2.3e-009
          147        696.9    0.0005226    2.18e-009
          148        705.0    0.0005027   2.068e-009
          149        712.8    0.0004839   1.964e-009
          150        720.5     0.000466   1.867e-009
          151        727.9    0.0004489   1.777e-009
          152        735.2    0.0004327   1.692e-009
          153        742.3    0.0004173   1.612e-009
          154        749.2    0.0004026   1.538e-009
          155        755.9    0.0003886   1.467e-009
          156        762.5    0.0003752   1.402e-009
          157        768.8    0.0003624    1.34e-009
          158        775.1    0.0003502   1.281e-009
          159        781.1    0.0003385   1.226e-009
          160        787.0    0.0003273   1.174e-009
          161        792.8    0.0003166   1.125e-009
          162        798.4    0.0003063   1.078e-009
          163        803.9    0.0002965   1.034e-009
          164        809.2     0.000287   9.925e-010
          165        814.4     0.000278   9.529e-010
          166        819.4    0.0002693   9.154e-010
          167        824.4     0.000261   8.798e-010
          168        829.2     0.000253    8.46e-010
          169        833.9    0.0002452   8.138e-010
          170        838.4    0.0002378   7.832e-010
          171        842.9    0.0002307   7.541e-010
          172        847.2    0.0002238   7.263e-010
          173        851.4    0.0002172   6.998e-010
          174        855.5    0.0002109   6.746e-010
          175        859.6    0.0002047   6.505e-010
          176        863.5    0.0001988   6.274e-010
          177        867.3    0.0001931   6.054e-010
          178        871.0    0.0001876   5.844e-010
          179        874.6    0.0001823   5.643e-010
          180        878.1    0.0001772    5.45e-010
          181        881.6    0.0001722   5.266e-010
          182        884.9    0.0001674   5.089e-010
          183        888.2    0.0001628    4.92e-010
          184        891.4    0.0001583   4.757e-010
          185        894.5     0.000154   4.602e-010
          186        897.5    0.0001499   4.452e-010
          187        900.4    0.0001458   4.309e-010
          188        903.3    0.0001419   4.171e-010
          189        906.1    0.0001381   4.039e-010
          190        908.8    0.0001345   3.911e-010
          191        911.5    0.0001309   3.789e-010
          192        914.1    0.0001275   3.671e-010
          193        916.6    0.0001242   3.558e-010
          194        919.1    0.0001209   3.449e-010
          195        921.5    0.0001178   3.344e-010
          196        923.8    0.0001148   3.243e-010
          197        926.1    0.0001119   3.146e-010
          198        928.3     0.000109   3.052e-010
          199        930.5    0.0001062   2.961e-010
          200        932.6    0.0001036   2.874e-010
          210        951.0   8.073e-005   2.152e-010
          220        965.3   6.355e-005   1.635e-010
          230        976.3   5.045e-005   1.258e-010
          240        984.9   4.035e-005   9.786e-011
          250        991.6   3.247e-005   7.681e-011
          260        996.8   2.628e-005   6.078e-011
          270       1000.8   2.138e-005   4.844e-011
          280       1004.0   1.748e-005   3.885e-011
          290       1006.4   1.434e-005   3.134e-011
          300       1008.3   1.181e-005   2.541e-011
          310       1009.8   9.768e-006    2.07e-011
          320       1011.0   8.102e-006   1.694e-011
          330       1011.9    6.74e-006   1.392e-011
          340       1012.6   5.622e-006   1.148e-011
          350       1013.2   4.701e-006   9.502e-012
          360       1013.6    3.94e-006   7.887e-012
          370       1014.0    3.31e-006   6.565e-012
          380       1014.2   2.786e-006   5.479e-012
          390       1014.4    2.35e-006   4.584e-012
          400       1014.6   1.986e-006   3.843e-012
          410       1014.7   1.681e-006   3.229e-012
          420       1014.8   1.425e-006   2.718e-012
          430       1014.9    1.21e-006   2.292e-012
          440       1015.0    1.03e-006   1.936e-012
          450       1015.0   8.776e-007   1.637e-012
          460       1015.1    7.49e-007   1.387e-012
          470       1015.1   6.404e-007   1.177e-012
          480       1015.1   5.485e-007   9.997e-013
          490       1015.1   4.706e-007   8.504e-013
          500       1015.2   4.045e-007   7.242e-013
          510       1015.2   3.483e-007   6.176e-013
          520       1015.2   3.005e-007   5.273e-013
          530       1015.2   2.598e-007   4.507e-013
          540       1015.2   2.251e-007   3.857e-013
          550       1015.2   1.955e-007   3.305e-013
          560       1015.2   1.702e-007   2.836e-013
          570       1015.2   1.485e-007   2.436e-013
          580       1015.2   1.299e-007   2.095e-013
          590       1015.2    1.14e-007   1.805e-013
          600       1015.2   1.003e-007   1.556e-013
          610       1015.2   8.846e-008   1.344e-013
          620       1015.2    7.83e-008   1.163e-013
          630       1015.2   6.954e-008   1.008e-013
          640       1015.2   6.196e-008   8.744e-014
          650       1015.2   5.539e-008   7.602e-014
          660       1015.2    4.97e-008   6.622e-014
          670       1015.2   4.475e-008   5.779e-014
          680       1015.2   4.044e-008   5.054e-014
          690       1015.2   3.668e-008    4.43e-014
          700       1015.2   3.339e-008   3.891e-014
          710       1015.2   3.051e-008   3.427e-014
          720       1015.2   2.798e-008   3.025e-014
          730       1015.2   2.574e-008   2.678e-014
          740       1015.2   2.377e-008   2.377e-014
          750       1015.2   2.203e-008   2.116e-014
          760       1015.2   2.048e-008   1.889e-014
          770       1015.2    1.91e-008   1.691e-014
          780       1015.2   1.786e-008   1.519e-014
          790       1015.2   1.676e-008   1.369e-014
          800       1015.2   1.576e-008   1.238e-014
          810       1015.2   1.486e-008   1.123e-014
          820       1015.2   1.405e-008   1.022e-014
          830       1015.2   1.332e-008    9.33e-015
          840       1015.2   1.265e-008   8.547e-015
          850       1015.2   1.203e-008   7.854e-015
          860       1015.2   1.147e-008   7.241e-015
          870       1015.2   1.095e-008   6.696e-015
          880       1015.2   1.048e-008   6.211e-015
          890       1015.2   1.004e-008   5.779e-015
          900       1015.2    9.63e-009   5.391e-015
          910       1015.2   9.251e-009   5.044e-015
          920       1015.2   8.897e-009   4.731e-015
          930       1015.2   8.566e-009   4.448e-015
          940       1015.2   8.256e-009   4.192e-015
          950       1015.2   7.965e-009    3.96e-015
          960       1015.2   7.692e-009   3.748e-015
          970       1015.2   7.433e-009   3.555e-015
          980       1015.2    7.19e-009   3.377e-015
          990       1015.2   6.959e-009   3.214e-015
         1000       1015.2    6.74e-009   3.064e-015